 10  20



-81   -96   -87    54    43    28   -14    81    74    17   -16    78    42    85     0     0     0     0 0 0
    41   -57   -97    42    58    47    92   -17    23    95   -26   -68    39    91     0     0     0     0 0 0
     6     4    87   -69     7    52    61    31    22   -93    40    39   -37    73     0     0     0     0 0 0
    78   -62    18    84    79   -96   -15   -43     3    16   -31   -73    76    -3     0     0     0     0 0 0
   -77    91    18   -21   -70    -4    40   -96    94     9    67    56    85   -53    -1     0     0     0 0 0
   -70    -6    42   -15    -3    65    45    97    40     1     8    83   -64   -34     0     1     0     0 0 0
   -15    48   -12   -12    21    96    85     7    27    42   -66   -81    90    13     0     0    -1     0 0 0
    81    45    81    54    87    88    91    99    32    16    11     7    16    84     0     0     0     1 0 0
    89     6    14    46    75     2    84     7    16    79    24    36    92    90     0     0     0     0 1 0
    61    27    46    94    93    10     9    53    90    34    55    78    27    15     0     0     0     0 0 1

   208   263   223    31   138   190   242    62    51    71


 23    87    96   -17   -36    -8    11   -31   -68  -100   -89   -79    51   -56     0     0     0     0 0 0
