10 24


    23    85    64    50    55    37    69    35    81    14    85    97     4    29    -1     0     0     0     0     0     0     0     0     0
    56     0    26    22    70    79    88    75     6    99    28    74    13    14     0    -1     0     0     0     0     0     0     0     0
     8    88    90    78    23    90     5    82     1    56    88    94    30    91     0     0    -1     0     0     0     0     0     0     0
    53    40    15    19    73    78    86    46    81    96    10    39    15    27     0     0     0    -1     0     0     0     0     0     0
    69    67     3    55    66    24    46     3    14    35    10    46     2     1     0     0     0     0     -1     0     0     0     0     0
    28    11    35    27    11    42    49    55    57    87    28    96    54    37     0     0     0     0     0     -1     0     0     0     0
    78     7     3    89    73     6    22    63    70    22    56    98    41    72     0     0     0     0     0     0     -1     0     0     0
    10    85    80    36    47    74    42    48    49    44    56    15    81    20     0     0     0     0     0     0     0     -1     0     0
     0     8    41    29    37    11    70    70    70    77    11    26    87    59     0     0     0     0     0     0     0     0     -1     0
    33    71    95    58    38    12    76    97    85    15    79    69    58    11     0     0     0     0     0     0     0     0     0     -1

   727   649   823   677   440   616   699   686   595   796


-21    -9   -78   -16    -4   -15   -76   -22   -12   -98   -90   -15   -99   -85     0     0     0     0 0     0     0     0     0     0