10 20

    18   -24   -70    65    57    60    94    96    88   -10    61   -12   -25   -41     0     0     0     0 0 0
   -54   -25   -52    80   -62   -79    83    -8    71    75    13   -82    92    40     0     0     0     0 0 0
   -99   -64    56    -8   -31   -73   -67    91   -36    82    -5    82    22    83     0     0     0     0 0 0
   -50   -66    -1    92    99   -11    74   -92   -10    -7   -32    45    40   -24     0     0     0     0 0 0
    64    88    93    31    71   -29   -70    25    76   -67    51   -18    -2    78    -1     0     0     0 0 0
    97     0    70    -5    60   -40    89   -93    57    15    25    91    57   -33     0     1     0     0 0 0
    -1   -52   -11   -16    93     5    70    93   -32   -90    -1    29    77   -16     0     0    -1     0 0 0
    26    99     3    70    36    73    87    79    30     2    80     3    79    38     0     0     0     1 0 0
    24    80    20    45    73    55    44    33    88    39     7    37    25    48     0     0     0     0 1 0
    31    15    97    84    23    29    29    15    64    96     9     0    76    28     0     0     0     0 0 1


   357    92    33    57   390   391   147    92    56    78

  -59   -68   -73    17   -59   -74   -59   -41   -29   -54   -30   -15    61    29     0     0     0     0 0 0