10 24


    58    28    43    47     2    21     2    93    46    26    35    41     5    90    -1     0     0     0 0     0     0     0     0     0
    38     0    15    55    52    39    86    72    83    61    88    68     7    17     0    -1     0     0 0     0     0     0     0     0
    32    63    16    40    89    40    68    23    61    10    79    45    69     7     0     0    -1     0 0     0     0     0     0     0
     7    60    39    74    79    96    12    97    82    50    60    15    78    90     0     0     0    -1 0     0     0     0     0     0
    51     1     9     4    82    47    95    70    57    75    56    48     4    12     0     0     0     0 -1     0     0     0     0     0
     7    40    98    22    97    24    78    78    62    41     9    35    85    21     0     0     0     0 0     -1     0     0     0     0
    88    15    50     4    38    29    87    24    16    41    51    68    84    61     0     0     0     0 0     0     -1     0     0     0
    16    48    69    47    41    91    43     3     4    39    75    21    76    97     0     0     0     0 0     0     0     -1     0     0
    76    51     6     5    70    72    33   100    52    28    43    45    47    76     0     0     0     0 0     0     0     0     -1     0
    35    16    72    85    82    86    37    29    19    50    80    36    44    83     0     0     0     0 0     0     0     0     0     -1



   536   680   641   838   610   696   655   669   703   753


   -34   -77   -23   -36   -16   -18    -6   -55    -1   -86   -31   -32   -10   -47     0     0     0     0 0     0     0     0     0     0
