10 24

 24    68     1    87    15    20     0    73    16     4    95    38    11    80    -1     0     0     0     0     0     0     0     0     0

    93    95    32    25    86    66    55    56    19    11    43    46     9    80     0    -1     0     0     0     0     0     0     0     0

    39    73    92    36     4    22    24    66    83    84    60    27    23    67     0     0    -1     0     0     0     0     0     0     0

    27    81     3    49    40    15    92    90    21    68    73    78     1    28     0     0     0    -1     0     0     0     0     0     0

    38    78    64     5    89    56    37    29    74    44    70    46    45    92     0     0     0     0     -1     0     0     0     0     0

    12     4    72    96    37    18    94    28    18    68    92    30    99    80     0     0     0     0     0     -1     0     0     0     0

    99     1    97     7    79    72    69    32     0    67    40    66    18    82     0     0     0     0     0     0     -1     0     0     0

    84    98     2    95    92    51    67    85    81     4    86    31    40    39     0     0     0     0     0     0     0     -1     0     0

    18    34    91    45    54     9    51    17     9    45    97    82    16    87     0     0     0     0     0     0     0     0     -1     0

    77     8    44    39    31    52    73    41    37    27    13    96    38    12     0     0     0     0     0     0     0     0     0     -1





   531   715   699   665   766   747   728   854   654   587




-80   -86   -54   -74   -21   -49   -92   -70   -56   -18   -43   -67   -73    -9     0     0     0     0     0     0     0     0     0     0
